319
2040
7678
4089
5103
2941
7080
6609
9545
3644
3682
4285
6574
9739
2484
5689
6473
1379
9097
7995
7813
4107
9832
9020
1392
6285
3967
2845
5979
5775
7092
9321
3379
8029
7175
4278
8996
2798
6133
5885
9353
7350
7456
1540
1356
1484
4448
6892
1296
6683
3161
5714
2650
5406
1645
3694
8485
6132
7446
5329
2269
6007
4955
2601
8612
6487
6266
5296
3224
3567
4408
4065
6675
6273
9105
3029
4309
1938
7291
7118
2135
1859
5804
5921
4201
3599
8691
9458
5103
4022
2563
1786
731
6268
1118
3550
3343
3116
515
3273
6840
1320
2982
7730
1143
6878
9089
4974
6204
579
4871
2768
4023
1631
4197
5294
6528
1751
8852
9722
2659
4839
2977
3986
398
6261
7618
5106
3701
7161
7619
4286
9509
9311
3855
4900
3202
8910
9103
519
1550
4278
2858
4179
2096
3460
1664
6504
313
3968
3925
469
4833
4866
6406
7206
8489
4990
8185
2432
4597
9882
8052
7196
1767
999
4730
9078
7402
2421
3524
5738
157
4427
3514
2274
845
1542
3139
9792
1987
1154
1287
8328
6882
3633
8764
5892
1439
1946
3962
6193
8328
2370
5264
7064
2160
1587
4872
6246
3081
2299
9248
9057
8841
5644
5233
8399
534
566
2015
9754
8754
8071
721
6324
1019
8961
1619
3758
2679
5654
1364
325
8067
4009
4635
7102
3721
3567
2704
947
726
6615
1920
7831
1634
8342
9371
2403
2164
7208
1036
7579
8465
4403
3202
61
4699
24
8677
7417
5164
2842
4324
3853
1116
303
4326
5681
9306
3653
6128
5605
6157
9765
54
8945
8952
8375
5832
6314
417
434
3300
1654
9181
7323
9257
5953
4169
5498
9571
9393
1943
2114
4238
8504
1421
5780
2164
5718
446
9764
5547
8944
8085
5971
8985
9048
315
4778
5677
8539
4689
8546
4457
4424
4836
5004
6694
8633
561
9934
2639
2182
7936
4392
5220
5302