755928
813562
596900
123274
957070
112014
52959
285744
253067
924687
296026
43307
94107
389509
27875
1000609
158543
20012
174468
1129792
523154
1121283
364338
405257
1204714
244029
200897
627560
988850
870966
1062635
590804
199517
519129
1076160
449803
869188
470876
607062
396101
275323
1040257
1009761
176708
79883
1218946
1162304
6475
1105154
189230
1220396
259870
1226783
23497
395015
344526
618599
758310
745520
355219
764032
1021564
479779
430923
1112520
859012
343193
574357
1181608
57150
345567
639445
482390
741604
418094
190955
1129677
1013608
174082
1006856
483579
244308
188928
517822
507114
1045401
349123
258378
6302
1141212
889667
721163
636894
430342
194093
415878
200371
1129704
579108
381885
1220594
210785
1132840
1034542
177546
493323
354203
67056
826963
725076
857271
756793
26924
600297
670022
943747
1000396
970788
980313
522210
456081
582278
907652
998049
1170222
434350
625936
829655
820547
172804
376384
724166
1145794
1163889
840311
749808
598193
930746
157360
1068790
572135
434047
490982
1039622
1019683
1108837
463909
693674
92114
700323
112153
1008896
667385
918454
178359
493776
899392
793242
150153
849157
1071939
273924
769620
94628
1167518
1045876
864411
331280
339217
478964
540891
1061593
481285
527760
480967
1045845
73914
1171362
799299
96072
50927
936706
40876
689737
990092
1125563
789684
493969
847662
109101
507873
909936
1193845
401602
466850
826023
63119
1040752
816610
820398
1018171
1110350
801074
1105616
328691
749112
10719
1104673
62230
581914
687010
1207770
300606
595580
693149
2889
600964
1148588
643521
531749
957834
12971
849559
1093836
287885
492545
114046
518350
313610
148082
1164901
408260
122295
6604
608711
658201
671195
829019
859409
769596
76458
121548
712724
1101191
339503
935101
803040
337218
669544
550837
701088
92964
164724
262182
556152
242219
879539
890441
751967
1005230
1129288
273876
561746
1152247
1168459
513889
953262
373634
690806
718058
441071
607568
1065631
1173226
79230
685546
671318
1086838
253838
786452
526898
377952
639531
695833
594462
1227502
1024824
1039234
1075804
475618
566990
1039877
407992
684554
505714
923157
432539
7874
231521
310111
1196902
419100
493028
529118
148172
1057021
861728
943864
870342
5995
1004824
707263
474988
587888
642904
223301
170641
1190550
698436
25799
780372
372023
114437
371428
184150
125853
567575
752856
211974
211074
402638
36449
561250
1099393
341671
707136
1194587
301797
383669
1177290
431800
966978
1221614
83196
104134
1076631
1007428
1228576
597127
392156
1108453
241160
176094
756650
865670
900213
579889
444164
1080108
1028065
1128650
665653
1215771
750062
546862
1148663
1091105
621610
765760
725424
922544
896874
356809
109347
422443
1172337
526122
244561
23624
1030628
462342
563460
856796
804418
291465
625856
463804
771818
91335
206239
892810
870966
263906
1215601
1043677
537147
777641
603445
241673
1175111
1229106
413719
517377
658742
72771
896747
1198753
326263
490420
1176909
52993
325247
465709
373612
343946
136251
99179
1189464
1139698
817264
396176
106742
1158343
1038987
821436
66173
450377
695971
1186837
142182
394462
1165352
658387
113911
770114
1076579
1123005
544957
1145032
998982
1018540
939927
1189101
1037590
1008664
588905
419608
137251
327159
1054989
610134
822910
466344
602275
768858
959689
482929
381450
310217
231679
42578
635635
615369
156239
595884
740943
655320
1010123
992905
581279
177927
1128141
1160591
865150
722233
191135
207757
863981
505841
51141
1191260
614133
390902
1204229
902944
813469
1141430
738998
1200198
149583
228633
13716
981075
1212850
1143
1138555
372499
909701
684676
471297
152213
184912
256286
41824
169388
200025
887243
930758
32102
1225718
182626
702957
516171
437007
289744
336677
1124556
354482
276979
1039652
616204
54592
635282
732847
160147
661543
222091
539345
903017
1126363
855980
485648
562063
1191260
503499
346553
17399
847769
367411
787428
288336
866267
971481
423181
375355
1042924
1033912
452755
228310
