0
1496585600
0
583008256
0
0
0
0
-1610612736
0
1073741824
0
0
1073741824
0
0
0
-2147483648
0
0
0
0
-2063597568
0
0
0
0
170393216
0
0
0
0
0
0
0
0
0
0
0
0
-1359249408
392364032
-1624793088
0
1610612736
1476395008
0
0
0
0
-383778816
0
583008256
1610612736
-209084416
-1013521152
1472200704
0
0
0
0
0
0
-655360000
0
0
0
0
0
-1035993088
0
0
0
0
0
0
0
0
0
0
-1811939328
0
0
0
0
-270606336
0
0
905261056
0
0
0
0
0
199229440
0
0
0
-881360896
606994432
-1001390080
0
0
0
0
0
0
0
0
1978662912
0
0
1610612736
784662528
0
0
0
0
0
-551747584
654823136
855684736
603979776
0
974872576
-958535680
0
0
0
1073741824
-1879048192
-1528823808
0
0
-1979711488
0
0
0
0
0
0
1373507584
0
0
0
0
0
0
0
0
0
-335544320
0
-1431830528
0
0
0
0
0
-349552576
0
0
0
0
0
0
-957374464
0
0
0
0
0
0
696254464
0
0
0
0
-1073741824
0
0
-1476395008
0
0
0
-688312320
0
-161574912
0
1976762368
536870912
-1758298112
0
0
-671088640
0
0
0
0
-2147483648
0
1756217344
0
-2072313856
-1610612736
596312064
-1610612736
0
0
0
0
0
620797952
0
-510111744
0
0
0
0
-2080374784
0
0
0
0
0
0
0
0
0
0
0
0
0
0
0
-1652424704
603979776
0
-1547894784
294191104
715128832
0
0
-1118535680
0
745209856
278888448
-1426063360
0
0
0
0
0
-177020928
0
0
-1768292352
0
0
199229440
0
0
0
0
0
0
0
0
0
0
0
268435456
-1432354816
0
734003200
0
259623424
0
0
969736192
1610612736
0
0
0
0
0
0
0
0
0
0
-13748224
0
0
0
866222080
0
0
0
-1996488704
0
-2147483648
0
0
-2001309664
0
0
0
-1071185920
2021654528
0
0
301989888
0
0
-1503831040
1800798208
0
70353760
-1210712064
0
-1960017920
-998244352
0
0
-2147483648
0
0
0
0
0
0
-2147483648
0
0
0
1890975744
-536870912
0
0
0
0
0
-64702112
-1593835520
0
-788529152
-1976717824
0
2044248064
0
0
0
1124386432
0
0
0
0
-724566016
-437116416
507510784
0
0
0
630897408
0
0
1464626432
0
0
0
0
1268643840
0
0
0
494927872
0
0
0
0
0
-306794500
0
0
0
0
0
0
0
0
0
0
0
0
-1151721472
0
0
-1744830464
0
0
-1535115264
0
0
0
0
0
0
0
0
0
0
0
1906704384
-2147483648
0
0
0
1073741824
0
124387328
0
0
0
0
0
0
1224736768
0
-923074560
0
0
0
0
0
0
-2069889024
0
-1450573824
0
0
0
0
0
0
908145408
0
1627160576
-1882360448
0
0
1283656832
0
0
570425344
0
-268435456
0
0
0
625957120
0
0
0
0
0
0
0
0
0
1330642944
0
0
-410123776
0
0
1079095296
0
0
0
0
0
0
0
-847249408
-637534208
0
-1096310784
0
0
0
0
0
0
0
0
0
0
0
0
0
0
0
0
0
-1764360192
0
0
0
-600920064
0
1623195648
0
0
0
0
0
0
-1636638720
0
0
0
0
0
0
0
0
0
-1329725440
121634816
0
0
0
0
0
0
0
-352321536
0
0
0
0
0
0
0
0
0
0
0
